Hair Color:
    Light: [0, 1, 2, 3, 7, 9, 12, 13, 14, 45, 46, 52, 62, 64, 67, 68, 76, 78, 89, 92, 96, 99]     
    Dark: [4, 5, 6, 10, 15, 16, 17, 18, 50, 51, 53, 54, 55, 56, 57, 58, 59, 60, 61, 63, 65, 66, 69, 70, 71, 73, 74, 75, 77, 85, 86, 87, 88, 90, 91, 93, 94, 95, 97, 98, 100]   
    No: []

Skin Color:
    Light:[0, 1, 2, 3, 4, 5, 6, 8, 9, 10, 11, 12, 13, 14, 15, 16, 17, 18, 19, 20, 21, 22, 23, 51, 52, 53, 93, 94, 95, 96, 97, 98, 99]   
    Dark: [7, 31, 38, 39, 42, 50, 90, 100]

Includes Objects: 
    [7, 11, 45, 47, 48, 61, 66, 69, 73, 74, 77, 92, 95, 97, 98, 100]
